Stack (null) dump:
Size: 0
Capacity: 0
Data 00000000
Status: 0 -- dead
Stack st dump:
Size: 0
Capacity: 100
Data 00AC6028
Status: 1 -- alive
Printing stack...
0 0.000000 0.000000
0 0.000000 0.000000
0 0.000000 0.000000
0 0.000000 0.000000
0 0.000000 0.000000
0 0.000000 0.000000
0 0.000000 0.000000
0 0.000000 0.000000
0 0.000000 0.000000
0 0.000000 0.000000
0 0.000000 0.000000
0 0.000000 0.000000
0 0.000000 0.000000
0 0.000000 0.000000
0 0.000000 0.000000
0 0.000000 0.000000
0 0.000000 0.000000
0 0.000000 0.000000
0 0.000000 0.000000
0 0.000000 0.000000
0 0.000000 0.000000
0 0.000000 0.000000
0 0.000000 0.000000
0 0.000000 0.000000
0 0.000000 0.000000
0 0.000000 0.000000
0 0.000000 0.000000
0 0.000000 0.000000
0 0.000000 0.000000
0 0.000000 0.000000
0 0.000000 0.000000
0 0.000000 0.000000
0 0.000000 0.000000
0 0.000000 0.000000
0 0.000000 0.000000
0 0.000000 0.000000
0 0.000000 0.000000
0 0.000000 0.000000
0 0.000000 0.000000
0 0.000000 0.000000
0 0.000000 0.000000
0 0.000000 0.000000
0 0.000000 0.000000
0 0.000000 0.000000
0 0.000000 0.000000
0 0.000000 0.000000
0 0.000000 0.000000
0 0.000000 0.000000
0 0.000000 0.000000
0 0.000000 0.000000
0 0.000000 0.000000
0 0.000000 0.000000
0 0.000000 0.000000
0 0.000000 0.000000
0 0.000000 0.000000
0 0.000000 0.000000
0 0.000000 0.000000
0 0.000000 0.000000
0 0.000000 0.000000
0 0.000000 0.000000
0 0.000000 0.000000
0 0.000000 0.000000
0 0.000000 0.000000
0 0.000000 0.000000
0 0.000000 0.000000
0 0.000000 0.000000
0 0.000000 0.000000
0 0.000000 0.000000
0 0.000000 0.000000
0 0.000000 0.000000
0 0.000000 0.000000
0 0.000000 0.000000
0 0.000000 0.000000
0 0.000000 0.000000
0 0.000000 0.000000
0 0.000000 0.000000
0 0.000000 0.000000
0 0.000000 0.000000
0 0.000000 0.000000
0 0.000000 0.000000
0 0.000000 0.000000
0 0.000000 0.000000
0 0.000000 0.000000
0 0.000000 0.000000
0 0.000000 0.000000
0 0.000000 0.000000
0 0.000000 0.000000
0 0.000000 0.000000
0 0.000000 0.000000
0 0.000000 0.000000
0 0.000000 0.000000
0 0.000000 0.000000
0 0.000000 0.000000
0 0.000000 0.000000
0 0.000000 0.000000
0 0.000000 0.000000
0 0.000000 0.000000
0 0.000000 0.000000
0 0.000000 0.000000
0 0.000000 0.000000
Stack (null) dump:
Size: 0
Capacity: 0
Data 00000000
Status: 0 -- dead
Stack st dump:
Size: 0
Capacity: 100
Data 00C36028
Status: 1 -- alive
Printing stack...
1 element: 0 0.000000 0.000000
2 element: 0 0.000000 0.000000
3 element: 0 0.000000 0.000000
4 element: 0 0.000000 0.000000
5 element: 0 0.000000 0.000000
6 element: 0 0.000000 0.000000
7 element: 0 0.000000 0.000000
8 element: 0 0.000000 0.000000
9 element: 0 0.000000 0.000000
10 element: 0 0.000000 0.000000
11 element: 0 0.000000 0.000000
12 element: 0 0.000000 0.000000
13 element: 0 0.000000 0.000000
14 element: 0 0.000000 0.000000
15 element: 0 0.000000 0.000000
16 element: 0 0.000000 0.000000
17 element: 0 0.000000 0.000000
18 element: 0 0.000000 0.000000
19 element: 0 0.000000 0.000000
20 element: 0 0.000000 0.000000
21 element: 0 0.000000 0.000000
22 element: 0 0.000000 0.000000
23 element: 0 0.000000 0.000000
24 element: 0 0.000000 0.000000
25 element: 0 0.000000 0.000000
26 element: 0 0.000000 0.000000
27 element: 0 0.000000 0.000000
28 element: 0 0.000000 0.000000
29 element: 0 0.000000 0.000000
30 element: 0 0.000000 0.000000
31 element: 0 0.000000 0.000000
32 element: 0 0.000000 0.000000
33 element: 0 0.000000 0.000000
34 element: 0 0.000000 0.000000
35 element: 0 0.000000 0.000000
36 element: 0 0.000000 0.000000
37 element: 0 0.000000 0.000000
38 element: 0 0.000000 0.000000
39 element: 0 0.000000 0.000000
40 element: 0 0.000000 0.000000
41 element: 0 0.000000 0.000000
42 element: 0 0.000000 0.000000
43 element: 0 0.000000 0.000000
44 element: 0 0.000000 0.000000
45 element: 0 0.000000 0.000000
46 element: 0 0.000000 0.000000
47 element: 0 0.000000 0.000000
48 element: 0 0.000000 0.000000
49 element: 0 0.000000 0.000000
50 element: 0 0.000000 0.000000
51 element: 0 0.000000 0.000000
52 element: 0 0.000000 0.000000
53 element: 0 0.000000 0.000000
54 element: 0 0.000000 0.000000
55 element: 0 0.000000 0.000000
56 element: 0 0.000000 0.000000
57 element: 0 0.000000 0.000000
58 element: 0 0.000000 0.000000
59 element: 0 0.000000 0.000000
60 element: 0 0.000000 0.000000
61 element: 0 0.000000 0.000000
62 element: 0 0.000000 0.000000
63 element: 0 0.000000 0.000000
64 element: 0 0.000000 0.000000
65 element: 0 0.000000 0.000000
66 element: 0 0.000000 0.000000
67 element: 0 0.000000 0.000000
68 element: 0 0.000000 0.000000
69 element: 0 0.000000 0.000000
70 element: 0 0.000000 0.000000
71 element: 0 0.000000 0.000000
72 element: 0 0.000000 0.000000
73 element: 0 0.000000 0.000000
74 element: 0 0.000000 0.000000
75 element: 0 0.000000 0.000000
76 element: 0 0.000000 0.000000
77 element: 0 0.000000 0.000000
78 element: 0 0.000000 0.000000
79 element: 0 0.000000 0.000000
80 element: 0 0.000000 0.000000
81 element: 0 0.000000 0.000000
82 element: 0 0.000000 0.000000
83 element: 0 0.000000 0.000000
84 element: 0 0.000000 0.000000
85 element: 0 0.000000 0.000000
86 element: 0 0.000000 0.000000
87 element: 0 0.000000 0.000000
88 element: 0 0.000000 0.000000
89 element: 0 0.000000 0.000000
90 element: 0 0.000000 0.000000
91 element: 0 0.000000 0.000000
92 element: 0 0.000000 0.000000
93 element: 0 0.000000 0.000000
94 element: 0 0.000000 0.000000
95 element: 0 0.000000 0.000000
96 element: 0 0.000000 0.000000
97 element: 0 0.000000 0.000000
98 element: 0 0.000000 0.000000
99 element: 0 0.000000 0.000000
100 element: 0 0.000000 0.000000
